0 0 0 899
0 0 799 0
1 899 799 899
60 632 60 703
60 632 61 631
61 704 65 704
61 717 61 861
61 717 62 716
62 631 64 631
62 862 87 862
63 716 65 716
65 630 66 629
66 626 66 628
66 626 67 625
66 705 67 706
66 715 67 714
67 707 67 713
68 625 73 625
74 624 75 624
74 624 76 622
75 618 76 619
75 618 76 617
76 620 76 621
77 617 109 617
79 873 80 874
79 873 80 872
81 872 110 872
81 874 110 874
88 705 88 861
88 705 89 704
90 704 91 703
92 703 93 702
94 702 96 704
96 705 97 706
97 707 97 861
98 862 117 862
108 620 108 623
108 620 110 618
109 616 110 615
109 624 110 625
111 616 112 617
111 625 112 626
113 626 123 626
118 861 120 861
120 873 121 874
120 873 121 872
121 860 122 860
122 446 123 447
122 446 123 445
122 584 122 586
122 584 123 583
122 616 123 617
122 616 123 615
122 872 123 873
123 587 124 586
123 683 123 859
123 683 124 683
124 584 124 585
124 627 124 643
125 644 125 645
125 644 126 645
125 682 126 681
127 645 128 646
127 681 128 682
129 645 130 646
129 682 131 684
130 447 130 612
130 447 131 446
130 709 130 863
130 709 132 707
131 613 133 613
131 643 131 645
131 643 132 642
131 685 131 698
131 864 132 865
132 446 226 446
132 627 132 641
132 627 133 626
132 699 168 699
133 707 167 707
133 865 219 865
134 614 136 616
134 626 156 626
136 617 137 618
138 618 156 618
157 619 158 619
157 625 158 625
157 625 159 623
159 620 159 622
168 706 170 704
169 700 169 701
170 702 170 703
176 439 177 440
176 439 177 438
178 438 179 439
199 621 199 622
199 621 201 619
200 623 200 624
201 625 202 625
202 619 203 618
203 626 227 626
203 700 203 703
203 700 204 699
204 619 205 618
204 703 205 703
205 699 248 699
206 618 218 618
206 704 208 706
209 706 220 706
210 873 211 874
210 873 211 872
212 872 213 872
212 874 213 874
214 873 215 873
216 872 217 873
219 614 219 617
219 614 220 613
219 873 220 874
219 873 220 872
220 859 220 864
220 859 231 859
221 613 224 613
221 707 221 710
221 707 222 708
221 707 222 706
222 711 227 711
225 612 226 611
226 561 226 610
226 561 227 560
227 447 228 448
227 559 228 558
228 449 228 557
228 625 230 625
228 707 228 710
228 707 229 706
230 513 230 609
230 513 232 511
230 706 241 706
231 454 231 506
231 454 232 453
231 610 232 611
231 614 231 620
231 614 232 613
231 623 231 624
231 623 232 622
231 860 231 864
232 448 232 452
232 448 233 447
232 507 233 508
232 865 413 865
232 873 233 874
232 873 233 872
233 511 330 511
233 611 367 611
233 613 355 613
234 447 236 447
234 508 332 508
234 872 235 873
237 446 243 446
237 873 238 874
237 873 238 872
239 872 240 873
242 707 242 836
243 837 244 837
244 447 355 447
245 707 245 836
245 707 246 706
246 705 247 704
248 704 249 704
249 700 250 701
250 702 250 703
297 701 297 703
297 701 299 699
298 703 299 704
300 699 366 699
300 704 302 706
301 707 301 840
302 841 304 841
305 707 305 840
305 707 306 706
307 706 366 706
331 510 332 510
331 510 332 509
349 701 350 702
349 701 350 700
351 700 352 701
356 446 364 446
356 614 357 614
358 613 367 613
365 447 377 447
365 508 365 511
365 508 366 508
366 511 367 512
367 507 417 507
367 700 367 705
368 512 417 512
368 534 368 610
368 534 370 532
368 614 368 623
369 624 370 625
371 532 373 532
371 625 393 625
374 533 374 535
375 536 375 619
376 620 393 620
378 446 413 446
393 534 393 536
393 534 394 533
393 621 393 624
394 536 417 536
395 533 416 533
396 701 396 704
396 701 398 699
397 705 397 706
398 707 416 707
399 699 483 699
414 447 415 448
414 860 414 864
414 860 417 857
415 449 415 452
415 620 415 623
415 620 417 620
416 452 417 452
416 624 422 624
417 531 417 532
417 531 419 529
417 708 417 856
418 453 418 506
418 513 421 513
418 537 419 538
418 619 419 618
419 539 419 617
420 529 421 530
421 531 422 532
421 538 421 619
421 538 423 536
422 453 422 512
422 453 425 450
422 620 423 621
423 438 424 439
423 438 424 437
423 532 424 533
423 625 485 625
423 715 423 857
423 715 425 713
424 536 512 536
424 621 485 621
424 858 425 859
425 437 426 438
425 448 425 449
425 448 427 446
425 533 463 533
426 708 426 709
426 708 427 707
426 711 427 712
426 711 427 710
426 859 427 860
427 861 427 862
428 446 463 446
428 707 429 707
428 863 513 863
430 706 485 706
460 872 461 873
460 872 461 871
462 871 503 871
462 873 503 873
464 447 465 448
464 532 512 532
465 449 465 512
466 513 468 513
468 448 468 511
468 448 469 447
470 447 473 447
474 446 475 446
475 430 475 440
475 430 476 429
476 402 476 428
476 402 477 401
476 441 476 445
477 397 477 400
477 397 478 396
478 390 478 395
478 390 479 389
479 387 479 388
479 387 482 384
483 384 485 384
484 700 485 700
485 622 485 624
486 383 488 383
486 701 486 703
486 705 487 705
486 705 487 704
489 382 491 382
492 381 493 380
494 380 495 379
496 379 497 378
498 378 500 376
501 376 502 376
503 375 505 375
506 374 508 374
509 373 510 373
510 441 510 442
510 441 512 439
511 374 512 375
511 443 511 444
512 98 512 102
512 98 513 97
512 120 512 133
512 120 513 119
512 376 513 377
512 445 514 447
513 103 514 102
513 134 514 133
513 439 516 436
513 533 514 532
513 535 514 536
514 98 514 101
514 120 514 132
514 377 517 380
514 448 514 494
514 530 514 531
514 530 515 529
514 537 515 538
514 701 514 862
514 701 516 699
515 417 515 436
515 417 518 414
515 438 516 439
515 495 516 496
515 528 516 527
515 539 515 620
516 526 517 525
516 621 516 623
517 436 589 436
517 439 617 439
517 496 519 496
517 624 523 624
517 699 521 699
518 380 519 380
518 525 519 525
519 100 519 176
519 100 521 98
519 415 520 415
520 177 521 178
520 184 520 260
520 184 526 178
520 269 520 344
520 269 523 266
520 379 521 378
520 497 520 524
521 261 522 261
521 345 521 346
521 355 521 377
521 355 523 353
521 416 521 430
521 447 521 467
521 447 522 446
522 98 616 98
522 178 525 178
522 347 523 348
522 431 523 432
522 468 523 469
522 700 523 701
523 262 523 265
523 349 523 352
523 446 576 446
523 702 523 860
524 432 616 432
524 468 525 469
524 625 526 627
524 861 526 861
526 179 583 179
526 179 527 178
526 469 527 470
526 869 527 870
526 869 527 868
527 471 527 473
527 627 528 628
527 860 531 860
528 178 583 178
528 474 576 474
529 628 531 630
532 630 533 631
532 859 533 858
532 867 533 868
532 867 533 866
534 631 535 632
534 858 535 858
534 866 534 867
534 866 535 867
534 866 535 865
536 632 538 634
536 857 538 857
539 634 571 634
539 856 541 856
542 855 544 855
544 863 545 864
544 863 545 862
545 629 546 630
545 629 546 628
545 854 548 854
549 853 550 853
551 629 552 630
551 629 552 628
551 700 551 706
551 700 552 699
551 852 553 852
552 706 615 706
553 628 554 629
553 699 556 699
554 851 556 851
555 629 556 630
555 629 556 628
557 628 558 629
557 698 558 699
557 850 559 850
559 699 560 698
560 849 562 849
561 698 628 698
563 848 565 848
566 847 568 847
569 846 570 845
571 263 571 404
571 263 615 263
571 633 572 632
571 845 574 845
572 404 574 404
573 632 576 629
574 267 574 403
574 267 576 265
575 844 577 844
576 547 576 548
576 547 577 546
576 608 576 618
576 608 577 607
577 265 616 265
577 447 577 450
577 469 577 473
577 469 578 468
577 549 578 548
577 619 578 618
577 629 578 628
578 451 582 451
578 498 578 524
578 498 580 496
578 567 578 583
578 567 580 565
578 608 578 617
578 843 580 843
579 468 582 468
579 525 583 525
579 584 580 585
579 628 582 625
580 851 581 852
580 851 581 850
581 496 583 496
581 565 582 565
581 585 584 585
581 842 583 842
582 851 584 849
583 450 584 449
583 469 584 470
583 564 584 563
583 625 584 624
584 447 584 448
584 447 585 446
584 471 584 495
584 526 584 562
584 586 584 623
584 841 585 841
584 851 587 848
586 446 618 446
586 842 588 840
587 850 588 849
588 848 589 849
588 848 589 847
589 840 591 838
590 435 593 435
590 848 592 846
592 838 594 838
592 848 593 847
594 436 595 435
595 837 597 837
596 435 600 435
598 836 600 836
601 436 617 436
601 835 603 835
604 834 605 835
606 834 607 834
608 833 610 833
611 832 612 832
613 831 618 831
616 262 617 261
616 707 616 711
617 58 617 59
617 58 618 57
617 65 619 67
617 65 618 64
617 99 617 260
617 266 618 267
617 431 618 430
617 456 618 457
617 456 618 455
617 460 617 461
617 460 618 459
617 712 620 715
618 56 619 57
618 56 619 55
618 60 619 59
618 268 618 429
618 437 618 438
618 448 619 449
618 448 619 447
618 451 618 452
618 451 619 450
618 454 619 453
618 462 618 464
619 65 620 66
619 68 619 91
619 465 626 465
619 830 620 829
620 92 624 92
620 716 620 828
621 66 622 65
623 55 624 56
623 55 624 54
623 65 624 66
624 269 624 345
624 269 626 267
624 355 624 428
624 355 626 353
625 55 627 53
625 66 626 66
625 93 626 94
625 101 625 175
625 101 626 100
625 183 625 260
625 183 626 182
625 346 626 347
625 429 626 430
625 438 625 440
625 438 626 437
626 95 626 99
626 176 626 181
626 261 626 266
626 348 626 352
626 431 626 436
626 441 626 455
626 707 626 826
626 707 627 706
627 55 630 52
627 65 628 64
627 456 627 464
627 827 628 827
628 63 629 62
628 706 630 706
629 699 630 699
629 826 630 826
630 54 631 53
630 62 631 61
631 700 631 705
631 825 634 825
632 61 633 61
633 833 634 834
633 833 634 832
634 60 636 60
635 51 636 52
635 51 636 50
635 824 637 824
637 50 637 51
637 50 638 51
637 50 638 49
637 59 639 59
638 823 639 823
639 49 640 50
640 58 642 58
640 822 643 822
640 831 641 832
640 831 641 830
641 49 642 50
641 49 642 48
642 831 644 829
643 48 643 49
643 48 644 49
643 48 644 47
643 57 645 57
644 821 645 821
644 831 645 831
645 47 646 48
645 829 646 830
646 56 648 56
646 820 649 820
647 47 648 48
647 47 649 45
649 47 651 47
649 55 650 55
650 45 652 45
650 819 651 819
651 54 653 54
651 827 652 828
651 827 652 826
652 46 653 46
652 818 655 818
653 44 654 45
653 44 654 44
653 826 654 826
653 828 654 828
654 53 655 54
655 43 657 45
656 53 657 52
656 817 657 817
657 43 658 44
657 43 658 43
658 52 659 52
658 816 659 816
659 42 660 43
660 51 662 51
660 815 661 814
661 42 662 43
661 42 662 41
662 701 662 704
662 701 664 699
662 814 664 814
662 824 663 825
662 824 664 822
663 41 663 42
663 41 664 42
663 41 664 40
663 50 665 50
663 705 665 705
664 824 665 824
665 40 666 41
665 700 666 699
665 813 670 813
665 822 666 823
666 49 667 49
666 704 667 705
667 40 668 41
667 40 668 39
667 617 667 674
667 617 668 616
667 699 668 700
667 822 668 823
667 822 668 821
668 48 670 48
668 675 668 676
668 705 723 705
669 616 670 615
669 677 670 677
669 700 722 700
669 821 670 822
669 821 670 820
671 47 673 47
671 615 721 615
671 675 671 676
671 675 672 674
671 812 672 812
672 622 672 673
672 622 674 620
673 38 674 39
673 38 674 37
673 811 674 812
674 46 676 46
675 37 675 38
675 37 676 38
675 37 676 36
675 620 722 620
675 811 676 811
675 819 676 820
675 819 676 818
677 36 678 37
677 45 680 45
677 810 681 810
677 818 678 819
679 818 680 819
679 818 680 817
681 44 682 44
681 818 683 816
682 809 683 808
683 43 686 43
683 818 684 817
684 808 686 808
686 816 687 817
686 816 687 815
687 33 688 34
687 33 688 32
687 42 688 41
687 807 690 807
688 815 688 816
688 815 689 816
688 815 689 814
689 32 689 33
689 32 690 33
689 32 690 31
689 41 691 41
690 815 692 813
691 31 692 32
691 806 692 806
692 40 693 40
692 815 695 812
693 805 695 805
694 39 696 39
695 30 696 31
695 30 696 29
695 814 696 814
696 804 697 804
696 812 697 813
697 29 698 30
697 38 699 38
698 803 701 803
698 812 699 813
698 812 699 811
699 29 700 30
699 29 700 28
700 37 702 37
700 812 702 810
701 28 701 29
701 28 702 29
701 28 702 27
702 802 704 802
702 812 703 811
703 27 704 28
703 36 705 36
705 801 706 801
705 809 706 810
705 809 706 808
706 35 708 35
707 800 709 800
709 34 711 34
709 808 710 809
709 808 710 807
710 25 711 26
710 25 711 24
710 799 712 799
711 807 712 808
711 807 712 807
712 25 714 23
712 33 713 33
713 798 714 798
713 806 714 807
714 25 715 24
714 32 717 32
715 23 716 24
715 23 716 22
715 797 718 797
717 23 719 21
718 31 721 31
719 23 720 22
719 796 722 796
720 21 721 22
720 21 722 19
720 93 720 94
720 93 722 91
720 96 720 98
720 96 721 95
720 180 720 181
720 180 721 179
720 456 720 464
720 456 722 454
720 530 720 536
720 530 721 529
721 99 721 100
721 174 721 178
721 174 722 173
721 182 721 183
721 260 721 268
721 260 722 259
721 346 721 354
721 346 722 345
721 428 721 437
721 428 722 427
721 465 722 466
721 528 722 527
721 537 721 538
722 21 724 19
722 32 722 90
722 101 722 172
722 184 722 258
722 269 722 344
722 355 722 426
722 438 722 453
722 467 722 526
722 539 722 614
723 621 724 622
723 699 724 698
723 795 724 794
724 21 725 20
724 623 724 697
724 706 724 793
724 803 725 804
724 803 725 802
726 803 728 801
727 20 730 23
727 20 728 19
728 803 729 803
729 20 731 22
729 801 730 802
729 801 730 801
730 91 730 93
730 91 731 90
730 285 731 286
730 285 731 284
730 288 730 289
730 288 731 287
730 307 730 308
730 307 731 306
730 326 730 327
730 326 731 325
730 329 730 330
730 329 732 327
730 369 730 370
730 369 731 368
730 392 730 393
730 392 731 391
730 412 732 414
730 412 731 411
730 414 730 415
730 435 730 437
730 435 731 434
730 618 730 620
730 618 731 617
730 622 730 623
730 622 732 620
730 704 730 705
730 704 731 703
730 713 730 715
730 713 731 712
730 795 730 797
730 795 731 794
731 94 732 93
731 290 732 289
731 309 732 308
731 331 732 330
731 371 732 370
731 394 732 393
731 416 732 415
731 438 732 437
731 624 732 623
731 706 732 705
731 716 732 715
731 798 732 797
731 800 732 801
732 91 732 92
732 435 732 436
732 618 732 619
732 713 732 714
732 795 732 796
799 1 799 898
