55 620 55 868
55 620 56 619
56 869 57 870
57 619 58 618
58 870 96 870
59 618 124 618
59 630 59 709
59 630 60 629
59 715 59 860
59 715 60 714
60 710 60 713
60 861 61 861
61 629 62 629
61 629 63 627
62 862 63 862
64 627 65 627
64 627 66 625
64 863 88 863
67 625 124 625
89 706 89 862
89 706 91 704
92 704 93 704
94 705 95 706
95 707 95 862
96 863 101 863
97 871 124 871
102 864 114 864
115 863 122 863
123 860 123 862
123 860 124 859
124 684 124 685
124 684 125 684
124 684 126 682
124 687 124 858
124 687 127 684
125 439 125 617
125 439 728 439
125 626 125 643
125 870 127 870
126 644 130 644
126 683 127 682
128 682 130 684
128 685 130 687
128 685 129 684
128 871 308 871
129 448 129 510
129 448 130 447
129 514 129 614
129 514 130 513
129 863 130 864
129 863 130 862
130 511 130 512
130 615 132 615
130 685 130 686
130 688 130 699
130 707 130 861
130 707 131 706
131 447 225 447
131 627 131 643
131 627 132 626
131 700 167 700
131 864 132 865
132 706 167 706
133 616 136 619
133 626 156 626
133 865 170 865
137 619 142 619
143 618 145 618
146 619 156 619
157 620 157 625
167 705 169 703
168 701 169 702
171 864 173 864
174 865 218 865
200 621 200 623
200 621 202 619
201 624 202 625
201 700 201 703
201 700 202 699
202 704 203 704
203 619 219 619
203 625 226 625
203 699 222 699
204 705 207 705
208 706 220 706
219 862 219 864
219 862 221 860
220 616 220 618
220 616 222 614
221 707 221 710
222 711 228 711
222 860 229 860
223 614 225 614
223 698 236 698
226 448 226 613
227 624 230 624
229 616 229 619
229 616 232 613
229 709 229 710
229 709 230 708
229 861 230 862
230 620 231 621
230 707 231 706
230 863 230 864
231 449 232 450
231 449 233 447
231 622 231 623
231 865 415 865
232 451 232 612
232 706 240 706
234 447 366 447
237 699 238 700
239 700 245 700
241 707 241 838
242 839 245 839
246 701 250 701
246 707 246 838
246 707 247 706
248 706 249 705
250 705 251 704
251 702 251 703
272 615 272 618
272 615 274 613
273 619 274 620
275 613 366 613
275 620 311 620
297 703 297 705
297 703 298 702
298 706 300 706
299 702 303 702
301 707 301 840
302 841 304 841
304 701 335 701
305 707 305 840
305 707 306 706
307 706 362 706
309 872 313 872
312 619 319 619
314 871 510 871
320 620 367 620
336 702 362 702
363 703 363 705
367 448 367 612
368 621 369 621
370 622 371 622
372 621 373 620
373 448 373 612
373 448 374 447
374 613 428 613
374 620 468 620
375 447 513 447
397 702 398 703
397 702 398 702
398 704 398 705
399 701 400 700
399 706 407 706
401 700 480 700
408 707 484 707
416 864 422 864
423 865 455 865
429 614 431 614
432 613 442 613
443 614 468 614
456 864 471 864
468 619 469 618
469 615 469 617
472 865 476 865
477 864 489 864
480 702 481 703
480 702 481 701
482 703 484 703
485 704 485 706
490 865 503 865
504 864 511 864
511 870 512 871
512 703 512 709
512 703 514 701
512 863 513 862
513 710 514 711
513 860 513 861
513 860 514 859
513 871 514 871
514 448 514 492
514 712 514 858
515 493 516 494
515 531 515 618
515 531 517 529
515 701 521 701
515 870 516 870
516 619 517 620
517 494 518 494
517 869 518 868
518 529 519 529
518 620 521 623
519 452 519 455
519 452 520 451
519 493 520 494
519 868 520 869
520 448 520 450
520 448 521 447
520 456 520 474
520 481 520 491
520 481 521 480
520 495 520 528
520 713 520 862
520 713 523 710
521 475 577 475
521 492 522 491
521 532 521 614
521 532 522 531
521 863 522 862
521 869 525 869
522 447 617 447
522 480 533 480
522 615 526 619
522 623 523 624
522 702 523 703
522 706 522 707
522 706 523 705
523 491 524 491
523 531 524 531
523 625 527 629
523 708 523 709
523 862 524 862
525 492 526 493
525 530 526 529
525 861 527 861
526 494 526 528
526 620 527 621
526 868 527 868
528 621 530 623
528 629 529 630
528 860 530 860
528 867 530 867
530 630 532 632
531 623 533 625
531 859 532 859
531 866 533 866
533 632 534 633
533 858 535 858
534 479 544 479
534 625 535 626
534 865 535 865
535 633 536 634
536 626 537 627
536 857 539 857
536 864 538 864
537 634 540 634
538 627 539 628
539 863 541 863
540 628 541 628
540 856 542 856
541 635 543 635
542 629 546 629
542 862 545 862
543 855 545 855
544 636 569 636
545 480 548 480
546 854 547 854
546 861 547 860
547 630 565 630
548 853 553 853
548 860 549 859
549 481 555 481
550 859 551 859
551 700 551 704
551 700 552 699
552 705 553 706
552 858 553 858
553 699 629 699
554 706 628 706
554 852 557 852
554 857 556 857
556 482 577 482
557 856 559 856
558 851 560 851
560 855 562 855
561 850 562 850
563 849 564 849
563 854 565 854
565 848 568 848
566 629 569 629
566 853 570 853
569 847 572 847
570 628 572 628
570 635 573 632
571 852 573 852
572 576 572 585
572 576 573 575
573 490 573 499
573 490 574 489
573 506 573 528
573 506 574 505
573 563 573 574
573 563 575 561
573 586 573 587
573 627 574 626
573 846 577 846
574 500 574 504
574 529 574 530
574 588 575 589
574 624 574 625
574 624 575 623
574 632 575 632
574 851 577 851
575 489 576 489
575 531 577 531
576 561 579 561
576 579 576 583
576 579 577 578
576 589 578 589
576 623 577 623
576 631 577 630
577 490 578 491
577 490 578 489
577 566 577 577
577 566 578 565
577 584 578 585
577 629 580 626
578 471 578 474
578 471 579 470
578 483 578 488
578 495 578 524
578 495 579 494
578 532 578 539
578 591 578 617
578 591 579 590
578 622 579 621
578 845 581 845
578 850 579 850
579 525 580 525
579 540 579 551
579 565 584 565
579 585 582 585
579 618 579 620
580 470 581 470
580 495 582 495
580 552 580 560
580 849 582 849
581 526 582 527
581 626 583 624
582 471 583 472
582 593 582 615
582 593 583 592
582 844 585 844
583 473 583 494
583 527 584 527
583 586 583 591
583 616 583 623
583 848 584 848
585 528 585 564
585 847 587 847
586 843 587 843
588 842 590 842
588 846 591 846
591 841 593 841
592 845 595 845
594 840 595 840
596 839 598 839
596 844 597 844
598 843 600 843
599 838 601 838
601 842 602 842
602 837 604 837
603 841 605 841
605 836 606 836
606 840 607 840
607 835 609 835
608 839 610 839
610 834 612 834
611 838 613 838
613 833 614 832
614 837 615 837
615 832 616 831
616 836 618 836
617 831 618 830
618 448 619 449
619 450 619 461
619 830 621 830
619 835 621 835
620 462 621 463
622 463 623 464
622 829 625 829
622 834 624 834
623 448 623 458
623 448 624 447
624 459 625 459
624 464 625 464
624 705 625 704
625 447 722 447
625 833 626 834
626 460 626 463
626 705 627 705
626 828 628 828
627 833 629 831
628 704 629 705
628 704 630 702
629 700 630 701
629 827 631 827
630 704 630 705
630 831 634 831
632 826 634 826
635 825 637 825
635 830 639 830
638 824 640 824
640 829 641 828
641 823 643 823
642 828 643 828
644 822 646 822
644 827 646 827
647 821 651 821
647 826 650 826
651 825 654 825
652 820 654 820
655 819 657 819
655 824 656 824
657 823 660 823
658 818 661 818
661 822 664 822
662 817 663 816
663 701 663 703
663 701 664 700
664 704 720 704
664 816 665 816
665 700 668 700
665 821 669 821
666 815 667 815
667 617 667 620
667 617 668 616
667 623 667 673
667 623 668 622
668 674 668 677
668 814 670 814
669 616 670 616
669 678 671 678
669 699 678 699
670 820 671 820
671 617 722 617
671 634 671 661
671 634 672 633
671 813 672 813
672 622 672 632
672 622 673 621
672 662 672 677
672 819 674 819
673 812 675 812
674 621 720 621
675 818 676 818
676 811 679 811
677 817 679 817
679 700 722 700
680 810 683 810
680 816 684 816
684 809 685 809
685 815 686 815
686 808 689 808
687 814 689 814
690 807 691 807
690 813 693 813
692 806 693 806
694 805 696 805
694 812 695 812
696 811 697 811
697 804 698 804
698 810 700 810
699 803 701 803
701 809 705 809
702 802 704 802
705 801 708 801
706 808 707 808
708 807 709 807
709 800 710 800
710 806 711 805
711 799 714 799
712 805 714 805
715 798 716 798
715 804 718 804
717 797 720 797
719 803 720 803
721 622 723 624
721 705 721 706
721 795 721 796
721 795 722 794
721 802 723 800
722 707 723 708
723 448 723 616
723 625 723 699
723 709 723 711
723 717 723 783
723 717 724 716
723 785 723 786
723 785 724 784
723 788 724 789
723 788 724 787
723 794 724 793
724 712 724 715
724 790 724 792
724 800 726 800
727 799 729 797
728 621 728 699
728 621 729 620
728 707 729 708
728 707 729 706
729 440 729 619
729 700 729 705
729 709 729 796
