0 0 0 104
0 0 129 0
0 116 0 140
0 116 13 116
0 149 0 188
0 149 14 149
0 195 0 213
0 195 1 195
0 222 0 264
0 222 14 222
0 273 0 381
0 273 14 273
1 104 14 104
1 140 14 140
1 187 14 187
1 212 2 212
1 264 14 264
1 308 2 309
1 308 2 307
1 381 678 381
2 196 14 196
3 213 14 213
3 307 8 307
3 309 8 309
11 81 12 82
11 81 12 80
13 80 15 80
13 82 15 82
14 89 14 103
14 89 15 88
14 117 14 139
14 150 14 186
14 197 14 212
14 223 14 263
14 274 14 299
15 300 131 300
15 308 16 309
15 308 16 307
15 337 15 338
15 337 16 336
16 88 136 88
16 339 17 338
123 367 123 368
123 367 124 366
124 369 124 380
124 369 125 369
124 369 125 368
126 370 126 380
128 10 128 15
128 10 129 9
129 1 129 8
129 16 130 15
130 9 130 14
130 9 131 8
131 0 131 7
131 0 586 0
131 301 131 363
132 364 169 364
136 16 136 87
136 16 137 15
138 15 173 15
148 118 148 177
148 118 246 118
149 177 246 177
150 217 150 266
150 217 244 217
151 266 244 266
170 293 170 363
170 293 199 293
174 16 174 100
175 100 196 100
176 300 176 360
176 300 177 299
177 361 252 361
178 299 199 299
181 21 181 92
181 21 182 20
182 93 196 93
183 20 257 20
196 94 196 99
199 294 199 298
208 293 208 299
208 293 259 293
209 299 252 299
213 93 213 100
213 93 257 93
214 100 265 100
244 218 244 265
246 119 246 176
253 300 253 324
253 333 253 360
253 333 259 333
254 324 259 324
258 21 258 46
258 66 258 92
258 66 265 66
259 46 265 46
259 294 259 323
259 334 259 363
260 364 293 364
265 16 265 45
265 16 266 15
265 67 265 99
267 15 289 15
290 16 290 104
291 104 359 104
294 286 294 363
294 286 398 286
296 14 296 97
296 14 297 13
297 98 359 98
298 13 456 13
300 293 300 362
300 293 301 292
301 363 449 363
302 292 398 292
308 158 308 160
308 158 309 157
309 156 313 152
309 161 309 163
310 164 314 168
310 243 310 245
310 243 311 242
311 241 316 236
311 246 311 248
312 249 316 253
314 152 316 150
315 168 316 169
317 150 318 149
317 169 318 170
317 236 318 235
317 253 318 254
319 149 320 149
319 170 320 170
319 235 320 234
319 254 320 255
321 148 323 148
321 171 323 171
321 234 322 234
321 255 322 255
323 233 325 233
323 256 325 256
324 147 327 147
324 172 327 172
326 232 329 232
326 257 328 257
328 146 333 146
328 173 333 173
329 258 334 258
330 231 335 231
334 145 428 145
334 174 428 174
335 259 430 259
336 230 431 230
359 99 359 103
376 98 376 104
376 98 456 98
377 104 463 104
398 287 398 291
414 286 414 292
414 286 456 286
415 292 449 292
429 146 434 146
429 173 434 173
431 258 436 258
432 231 437 231
435 147 438 147
435 172 438 172
437 257 440 257
438 232 440 232
439 148 441 148
439 171 441 171
441 233 443 233
441 256 443 256
442 149 444 149
442 170 444 170
444 234 446 234
444 255 446 255
445 150 446 150
445 169 446 169
447 151 448 151
447 168 448 167
447 235 448 235
447 254 448 254
449 152 453 156
449 167 453 163
449 236 450 236
449 253 450 253
450 293 450 332
450 343 450 362
450 343 456 343
451 237 455 241
451 252 455 248
451 332 456 332
453 157 453 158
453 162 454 161
454 159 454 160
455 242 455 243
455 247 456 246
456 244 456 245
456 287 456 331
456 344 456 363
457 14 457 53
457 68 457 97
457 68 463 68
457 364 522 364
458 53 463 53
463 16 463 52
463 16 464 15
463 69 463 103
465 15 521 15
522 16 522 54
522 63 522 91
522 63 528 63
522 100 522 121
522 100 528 100
523 54 528 54
523 91 528 91
523 121 559 121
523 253 523 328
523 253 548 253
523 337 523 363
523 337 529 337
524 328 529 328
528 21 528 53
528 21 529 20
528 64 528 90
528 101 528 114
529 115 559 115
529 260 529 327
529 260 530 259
529 338 529 367
530 20 577 20
530 368 580 368
531 259 548 259
548 254 548 258
557 253 557 259
557 253 587 253
558 259 580 259
559 116 559 120
570 115 570 121
570 115 577 115
571 121 584 121
578 21 578 114
581 260 581 367
584 85 584 120
584 85 585 84
586 1 586 14
586 84 661 84
587 15 587 20
587 15 588 15
587 15 588 14
587 254 587 292
588 0 588 13
588 0 678 0
588 21 589 20
588 293 661 293
588 365 588 380
588 365 589 364
589 16 589 19
590 365 590 380
660 77 661 78
660 77 661 76
662 76 664 76
662 78 664 78
662 85 662 121
662 130 662 152
662 130 678 130
662 161 662 188
662 161 678 161
662 197 662 208
662 197 678 197
662 217 662 261
662 217 678 217
662 270 662 292
662 270 671 270
663 121 678 121
663 152 678 152
663 188 678 188
663 208 678 208
663 261 672 261
664 300 665 301
664 300 665 299
666 299 678 299
666 301 678 301
672 271 678 271
673 262 678 262
678 1 678 120
678 131 678 151
678 162 678 187
678 198 678 207
678 218 678 261
678 272 678 298
678 302 678 380
