0 63.2 19.9 0 1 0 7
0 53.5 18.0 0 20 60
1 67.7 66.1 0 0 -1 7
1 65.9 69.8 0 3 60
2 69.2 63.1 0 -1 0 3 
2 75.7 68.2 0 3 60
3 69.2 55.1 0 1 0 3
3 77.4 57.8 0 3 60
4 69.3 48.7 0 -1 0 6
4 78.2 46.7 0 3 60
5 69.3 36.7 0 -1 0 6
5 78.6 36.2 0 3 60
6 69.3 17.0 0 -1 0 3
6 78.6 18.7 0 3 60
7 63.2 48.5 0 -1 0 6
7 58.0 46.6 0 3 60
0 63.2 19.9 1 1 0 7
0 53.5 18.0 1 20 60
1 67.7 66.1 1 0 -1 7
1 65.9 69.8 1 3 60
2 69.2 63.1 1 -1 0 3
2 75.7 68.2 1 3 60
3 69.2 55.1 1 1 0 3
3 77.4 57.8 1 3 60
4 69.3 48.7 1 -1 0 6
4 78.2 46.7 1 3 60
5 69.3 36.7 1 -1 0 6
5 78.6 36.2 1 3 60
6 69.3 17.0 1 -1 0 3
6 78.6 18.7 1 3 60
7 62.6 46.9 1 -1 0 10
7 53.2 44.2 1 3 60
8 62.6 27.2 1 1 0 10
8 53.2 30.1 1 3 60
0 63.2 19.9 2 1 0 7
0 53.5 18.0 2 20 60
1 67.7 66.1 2 0 -1 7
1 65.9 69.8 2 3 60
2 69.2 55.1 2 1 0 7
2 77.7 61.9 2 3 60
3 69.3 48.7 2 -1 0 7
3 78.4 40.6 2 3 60
4 69.3 17.0 2 -1 0 3
4 78.6 18.7 2 3 60
5 62.6 46.9 2 -1 0 10
5 53.2 44.2 2 3 60
6 62.6 27.2 2 1 0 10
6 53.2 30.1 2 3 60